

#################maximal cells of LPM subdivision

M_{1} = [1234,1235,1236,1237,1238,1245,1246,1247,1248,1345,1346,1347,1348,2345,2346,2347,2348] = [0,1,2,3,4,5,6,7,8,15,16,17,18,35,36,37,38]         ###

M_{2} = [1237,1238,1247,1248,1257,1258,1267,1268,1278,1347,1348,1357,1358,1367,1368,1378,2347,2348,2357,2358,2367,2368,2378] = [3,4,7,8,10,11,12,13,14,17,18,20,21,22,23,24,37,38,40,41,42,43,44]  ###

M_{3} = [1236,1237,1238,1246,1247,1248,1256,1257,1258,1267,1268,1346,1347,1348,1356,1357,1358,1367,1368,2346,2347,2348,2356,2357,2358,2367,2368] = [2,3,4,6,7,8,9,10,11,12,13,16,17,18,19,20,21,22,23,36,37,38,39,40,41,42,43]                                   ###

M_{4} = [1235,1236,1237,1238,1245,1246,1247,1248,1256,1257,1258,1345,1346,1347,1348,1356,1357,1358,2345,2346,2347,2348,2356,2357,2358] =[1,2,3,4,5,6,7,8,9,10,11,15,16,17,18,19,20,21,35,36,37,38,39,40,41]            ###

M_{5} = [1267,1268,1278,1367,1368,1378,1467,1468,1478,1567,1568,1578,1678,2367,2368,2378,2467,2468,2478,2567,2568,2578,2678] = [12,13,14,22,23,24,28,29,30,31,32,33,34,42,43,44,48,49,50,51,52,53,54]  ###

M_{6} = [1257,1258,1267,1268,1278,1357,1358,1367,1368,1378,1457,1458,1467,1468,1478,1567,1568,1578,2357,2358,2367,2368,2378,2457,2458,2467,2468,2478,2567,2568,2578] = [10,11,12,13,14,20,21,22,23,24,26,27,28,29,30,31,32,33,40,41,42,43,44,46,47,48,49,50,51,52,53]   ###

M_{7} = [1256,1257,1258,1267,1268,1356,1357,1358,1367,1368,1456,1457,1458,1467,1468,1567,1568,2356,2357,2358,2367,2368,2456,2457,2458,2467,2468,2567,2568] = [9,10,11,12,13,19,20,21,22,23,25,26,27,28,29,31,32,39,40,41,42,43,45,46,47,48,49,51,52]   ###

M_[8] = [1247,1248,1257,1258,1267,1268,1278,1347,1348,1357,1358,1367,1368,1378,1457,1458,1467,1468,1478,2347,2348,2357,2358,2367,2368,2378,2457,2458,2467,2468,2478] = [7,8,10,11,12,13,14,17,18,20,21,22,23,24,26,27,28,29,30,37,38,40,41,42,43,44,46,47,48,49,50]    ###

M_{9} = [1246,1247,1248,1256,1257,1258,1267,1268,1346,1347,1348,1356,1357,1358,1367,1368,1456,1457,1458,1467,1468,2346,2347,2348,2356,2357,2358,2367,2368,2456,2457,2458,2467,2468] = [6,7,8,9,10,11,12,13,16,17,18,19,20,21,22,23,25,26,27,28,29,36,37,38,39,40,41,42,43,45,46,47,48,49]   ###

M_{10} = [1245,1246,1247,1248,1256,1257,1258,1345,1346,1347,1348,1356,1357,1358,1456,1457,1458,2345,2346,2347,2348,2356,2357,2358,2456,2457,2458] = [5,6,7,8,9,10,11,15,16,17,18,19,20,21,25,26,27,35,36,37,38,39,40,41,45,46,47]  ###

M_{11} = [1367,1368,1378,1467,1468,1478,1567,1568,1578,1678,2367,2368,2378,2467,2468,2478,2567,2568,2578,2678,3467,3468,3478,3567,3568,3578,3678] = [22,23,24,28,29,30,31,32,33,34,42,43,44,48,49,50,51,52,53,54,58,59,60,61,62,63,64]  ###

M_{12} = [1357,1358,1367,1368,1378,1457,1458,1467,1468,1478,1567,1568,1578,2357,2358,2367,2368,2378,2457,2458,2467,2468,2478,2567,2568,2578,3457,3458,3467,3468,3478,3567,3568,3578] = [20,21,22,23,24,26,27,28,29,30,31,32,33,40,41,42,43,44,46,47,48,49,50,51,52,53,56,57,58,59,60,61,62,63]   ###

M_{13} = [1356,1357,1358,1367,1368,1456,1457,1458,1467,1468,1567,1568,2356,2357,2358,2367,2368,2456,2457,2458,2467,2468,2567,2568,3456,3457,3458,3467,3468,3567,3568] = [19,20,21,22,23,25,26,27,28,29,31,32,39,40,41,42,43,45,46,47,48,49,51,52,55,56,57,58,59,61,62]    ###

M_{14} = [1347,1348,1357,1358,1367,1368,1378,1457,1458,1467,1468,1478,2347,2348,2357,2358,2367,2368,2378,2457,2458,2467,2468,2478,3457,3458,3467,3468,3478] = [17,18,20,21,22,23,24,26,27,28,29,30,37,38,40,41,42,43,44,46,47,48,49,50,56,57,58,59,60]  ###

M_{15} = [1346,1347,1348,1356,1357,1358,1367,1368,1456,1457,1458,1467,1468,2346,2347,2348,2356,2357,2358,2367,2368,2456,2457,2458,2467,2468,3456,3457,3458,3467,3468] = [16,17,18,19,20,21,22,23,25,26,27,28,29,36,37,38,39,40,41,42,43,45,46,47,48,49,55,56,57,58,59]   ###

M_{16} = [1345,1346,1347,1348,1356,1357,1358,1456,1457,1458,2345,2346,2347,2348,2356,2357,2358,2456,2457,2458,3456,3457,3458] = [15,16,17,18,19,20,21,25,26,27,35,36,37,38,39,40,41,45,46,47,55,56,57] ###

M_{17} = [1467,1468,1478,1567,1568,1578,1678,2467,2468,2478,2567,2568,2578,2678,3467,3468,3478,3567,3568,3578,3678,4567,4568,4578,4678] = [28,29,30,31,32,33,34,48,49,50,51,52,53,54,58,59,60,61,62,63,64,65,66,67,68] ###

M_{18} = [1457,1458,1467,1468,1478,1567,1568,1578,2457,2458,2467,2468,2478,2567,2568,2578,3457,3458,3467,3468,3478,4567,4568,4578] = [26,27,28,29,30,31,32,33,46,47,48,49,50,51,52,53,56,57,58,59,60,65,66,67] ###

M_{19} = [1456,1457,1458,1467,1468,1567,1568,2456,2457,2458,2467,2468,2567,2568,3456,3457,3458,3467,3468,3567,3568,4567,4568] = [25,26,27,28,29,31,32,45,46,47,48,49,51,52,55,56,57,58,59,61,62,65,66] ###

M_{20} = [1567,1568,1578,1678,2567,2568,2578,2678,3567,3568,3578,3678,4567,4568,4578,4678,5678] = [31,32,33,34,51,52,53,54,61,62,63,64,65,66,67,68,69]  ###

########################

$p = hypersimplex(4,8);
$points = $p->VERTICES;

print is_regular($points,[[0,1,2,3,4,5,6,7,8,15,16,17,18,35,36,37,38],[3,4,7,8,10,11,12,13,14,17,18,20,21,22,23,24,37,38,40,41,42,43,44],[2,3,4,6,7,8,9,10,11,12,13,16,17,18,19,20,21,22,23,36,37,38,39,40,41,42,43],[1,2,3,4,5,6,7,8,9,10,11,15,16,17,18,19,20,21,35,36,37,38,39,40,41],[12,13,14,22,23,24,28,29,30,31,32,33,34,42,43,44,48,49,50,51,52,53,54],[10,11,12,13,14,20,21,22,23,24,26,27,28,29,30,31,32,33,40,41,42,43,44,46,47,48,49,50,51,52,53],[9,10,11,12,13,19,20,21,22,23,25,26,27,28,29,31,32,39,40,41,42,43,45,46,47,48,49,51,52],[7,8,10,11,12,13,14,17,18,20,21,22,23,24,26,27,28,29,30,37,38,40,41,42,43,44,46,47,48,49,50],[6,7,8,9,10,11,12,13,16,17,18,19,20,21,22,23,25,26,27,28,29,36,37,38,39,40,41,42,43,45,46,47,48,49],[5,6,7,8,9,10,11,15,16,17,18,19,20,21,25,26,27,35,36,37,38,39,40,41,45,46,47],[22,23,24,28,29,30,31,32,33,34,42,43,44,48,49,50,51,52,53,54,58,59,60,61,62,63,64],[20,21,22,23,24,26,27,28,29,30,31,32,33,40,41,42,43,44,46,47,48,49,50,51,52,53,56,57,58,59,60,61,62,63],[19,20,21,22,23,25,26,27,28,29,31,32,39,40,41,42,43,45,46,47,48,49,51,52,55,56,57,58,59,61,62],[17,18,20,21,22,23,24,26,27,28,29,30,37,38,40,41,42,43,44,46,47,48,49,50,56,57,58,59,60],[16,17,18,19,20,21,22,23,25,26,27,28,29,36,37,38,39,40,41,42,43,45,46,47,48,49,55,56,57,58,59],[15,16,17,18,19,20,21,25,26,27,35,36,37,38,39,40,41,45,46,47,55,56,57],[28,29,30,31,32,33,34,48,49,50,51,52,53,54,58,59,60,61,62,63,64,65,66,67,68],[26,27,28,29,30,31,32,33,46,47,48,49,50,51,52,53,56,57,58,59,60,65,66,67],[25,26,27,28,29,31,32,45,46,47,48,49,51,52,55,56,57,58,59,61,62,65,66],[31,32,33,34,51,52,53,54,61,62,63,64,65,66,67,68,69]]);

############weight vector inducing this subdivision

1 <0 0 0 0 0 0 0 0 0 1/9 1/9 1/9 2/9 2/9 1/3 0 0 0 0 1/9 1/9 1/9 2/9 2/9 1/3 2/9 2/9 2/9 1/3 1/3 4/9 5/9 5/9 2/3 8/9 0 0 0 0 1/9 1/9 1/9 2/9 2/9 1/3 2/9 2/9 2/9 1/3 1/3 4/9 5/9 5/9 2/3 8/9 1/3 1/3 1/3 4/9 4/9 5/9 2/3 2/3 7/9 1 8/9 8/9 1 11/9 14/9>





